Date,Flanders region,Brussels-Capital region,Walloon region,Three regions
Jan-00,334,118,169,621
Feb-00,318,109,160,587
Mar-00,362,112,181,655
Apr-00,296,79,142,517
May-00,300,144,202,646
Jun-00,342,109,206,657
Jul-00,215,59,108,382
Aug-00,185,69,91,345
Sep-00,343,87,195,625
Oct-00,333,84,237,654
Nov-00,316,109,181,606
Dec-00,252,83,175,510
Jan-01,320,101,196,617
Feb-01,324,112,178,614
Mar-01,343,103,201,647
Apr-01,295,104,181,580
May-01,301,120,193,614
Jun-01,367,88,181,636
Jul-01,196,77,115,388
Aug-01,182,70,104,356
Sep-01,342,97,200,639
Oct-01,361,148,244,753
Nov-01,333,106,172,611
Dec-01,330,127,182,639
Jan-02,345,93,192,630
Feb-02,323,80,183,586
Mar-02,365,116,214,695
Apr-02,323,109,120,552
May-02,316,122,181,619
Jun-02,358,124,199,681
Jul-02,235,87,99,421
Aug-02,169,64,74,307
Sep-02,430,122,202,754
Oct-02,409,96,185,690
Nov-02,407,89,148,644
Dec-02,341,109,193,643
Jan-03,326,98,184,608
Feb-03,374,94,183,651
Mar-03,364,114,213,691
Apr-03,349,89,189,627
May-03,300,130,204,634
Jun-03,385,140,206,731
Jul-03,304,74,97,475
Aug-03,196,55,86,337
Sep-03,443,140,220,803
Oct-03,414,103,205,722
Nov-03,325,91,174,590
Dec-03,388,120,216,724
Jan-04,356,89,182,627
Feb-04,386,97,213,696
Mar-04,444,154,227,825
Apr-04,387,81,209,677
May-04,327,110,219,656
Jun-04,448,116,221,785
Jul-04,225,73,114,412
Aug-04,182,73,97,352
Sep-04,460,174,205,839
Oct-04,411,103,215,729
Nov-04,342,130,224,696
Dec-04,361,91,189,641
Jan-05,377,136,182,695
Feb-05,331,106,201,638
Mar-05,428,136,198,762
Apr-05,340,122,173,635
May-05,352,131,238,721
Jun-05,461,135,258,854
Jul-05,221,75,122,418
Aug-05,198,68,101,367
Sep-05,422,143,259,824
Oct-05,329,115,243,687
Nov-05,320,93,188,601
Dec-05,375,128,173,676
Jan-06,364,152,224,740
Feb-06,351,125,215,691
Mar-06,380,107,196,683
Apr-06,319,116,159,594
May-06,322,220,187,729
Jun-06,386,137,208,731
Jul-06,221,34,131,386
Aug-06,187,51,93,331
Sep-06,343,153,210,706
Oct-06,342,145,228,715
Nov-06,365,116,176,657
Dec-06,313,145,195,653
Jan-07,356,98,188,642
Feb-07,337,118,188,643
Mar-07,389,139,190,718
Apr-07,326,140,188,654
May-07,343,113,176,632
Jun-07,357,149,225,731
Jul-07,220,79,93,392
Aug-07,218,47,79,344
Sep-07,391,166,235,792
Oct-07,427,180,247,854
Nov-07,332,122,195,649
Dec-07,298,134,197,629
Jan-08,360,114,211,685
Feb-08,336,125,156,617
Mar-08,325,181,209,715
Apr-08,393,142,180,715
May-08,301,143,185,629
Jun-08,426,187,303,916
Jul-08,265,137,129,531
Aug-08,210,62,85,357
Sep-08,429,239,249,917
Oct-08,440,157,231,828
Nov-08,357,139,212,708
Dec-08,431,187,240,858
Jan-09,442,99,234,775
Feb-09,422,146,217,785
Mar-09,544,175,287,1006
Apr-09,420,148,221,789
May-09,396,130,208,734
Jun-09,482,183,241,906
Jul-09,261,115,156,532
Aug-09,211,80,96,387
Sep-09,448,223,320,991
Oct-09,468,131,242,841
Nov-09,464,201,227,892
Dec-09,425,157,200,782
Jan-10,415,183,213,811
Feb-10,432,122,238,792
Mar-10,530,169,279,978
Apr-10,458,109,206,773
May-10,379,155,262,796
Jun-10,481,206,259,946
Jul-10,302,125,167,594
Aug-10,216,99,123,438
Sep-10,510,211,302,1023
Oct-10,417,205,246,868
Nov-10,369,188,234,791
Dec-10,409,143,208,760
Jan-11,373,161,245,779
Feb-11,425,181,246,852
Mar-11,548,163,290,1001
Apr-11,349,193,192,734
May-11,467,206,323,996
Jun-11,424,174,271,869
Jul-11,278,152,169,599
Aug-11,233,82,111,426
Sep-11,523,243,372,1138
Oct-11,450,327,314,1091
Nov-11,382,233,215,830
Dec-11,456,233,220,909
Jan-12,393,137,249,779
Feb-12,448,156,247,851
Mar-12,493,188,285,966
Apr-12,461,188,252,901
May-12,467,167,229,863
Jun-12,486,167,308,961
Jul-12,296,137,163,596
Aug-12,285,121,135,541
Sep-12,527,289,302,1118
Oct-12,537,304,322,1163
Nov-12,502,174,243,919
Dec-12,461,235,233,929
Jan-13,532,221,322,1075
Feb-13,424,188,282,894
Mar-13,513,228,324,1065
Apr-13,511,255,262,1028
May-13,450,201,207,858
Jun-13,466,250,278,994
Jul-13,364,226,244,834
Aug-13,273,95,132,500
Sep-13,617,336,369,1322
Oct-13,626,266,350,1242
Nov-13,482,167,257,906
Dec-13,484,219,319,1022
Jan-14,518,156,340,1014
Feb-14,466,175,290,931
Mar-14,475,209,361,1045
Apr-14,445,130,262,837
May-14,423,187,253,863
Jun-14,471,213,315,999
Jul-14,334,113,158,605
Aug-14,220,98,156,474
Sep-14,531,293,341,1165
Oct-14,528,164,310,1002
Nov-14,384,181,220,785
Dec-14,490,284,242,1016
Jan-15,398,155,296,849
Feb-15,416,174,255,845
Mar-15,530,265,339,1134
Apr-15,469,179,218,866
May-15,342,229,225,796
Jun-15,485,269,311,1065
Jul-15,249,148,160,557
Aug-15,180,56,102,338
Sep-15,458,220,272,950
Oct-15,416,143,232,791
Nov-15,393,143,258,794
Dec-15,433,161,183,777
Jan-16,416,99,227,742
Feb-16,419,175,220,814
Mar-16,410,130,209,749
Apr-16,436,119,216,771
May-16,392,204,209,805
Jun-16,476,195,246,917
Jul-16,248,84,131,463
Aug-16,221,68,115,404
Sep-16,526,292,270,1088
Oct-16,434,245,243,922
Nov-16,440,178,190,808
Dec-16,342,165,180,687
Jan-17,454,146,206,806
Feb-17,392,172,238,802
Mar-17,483,193,254,930
Apr-17,357,165,214,736
May-17,405,323,237,965
Jun-17,455,294,268,1017
Jul-17,268,96,144,508
Aug-17,190,71,115,376
Sep-17,454,264,269,987
Oct-17,506,379,268,1153
Nov-17,419,240,222,881
Dec-17,305,296,206,807
Jan-18,400,245,265,910
Feb-18,379,274,193,846
Mar-18,409,326,216,951
Apr-18,369,221,194,784
May-18,295,194,114,603
Jun-18,393,233,226,852
Jul-18,294,242,153,689
Aug-18,201,165,111,477
Sep-18,425,252,220,897
Oct-18,483,397,245,1125
Nov-18,404,247,239,890
Dec-18,363,237,254,854
Jan-19,402,260,171,833
Feb-19,457,210,242,909
Mar-19,445,261,242,948
Apr-19,421,250,263,934
May-19,419,296,249,964
Jun-19,438,323,253,1014
Jul-19,365,207,183,755
Aug-19,188,159,112,459
Sep-19,498,274,310,1082
Oct-19,466,248,216,930
Nov-19,377,172,196,745
Dec-19,444,318,263,1025
Jan-20,442,233,255,930
Feb-20,412,210,243,865
Mar-20,453,189,227,869
Apr-20,163,52,83,298
May-20,175,26,69,270
Jun-20,365,138,167,670
Jul-20,257,93,134,484
Aug-20,218,69,103,390
Sep-20,383,141,205,729
Oct-20,324,122,168,614
Nov-20,295,132,168,595
Dec-20,257,97,135,489
Jan-21,219,89,137,445
Feb-21,272,69,158,499
Mar-21,317,106,182,605
Apr-21,277,69,120,466
May-21,215,115,156,486
Jun-21,304,154,157,615
Jul-21,224,67,137,428
Aug-21,147,53,71,271